i = [0.28616, 0.25189, 0.21761, 0.18334, 0.14906, 0.11479, 0.08051, 0.04624, 0.01196, -0.02232, -0.05659, -0.09087, -0.12514, -0.15942, -0.19369, -0.22797, -0.26224, -0.29652, -0.33079, -0.36507, -0.39935, -0.43362, -0.46790, -0.50217, -0.53645, -0.57072, -0.60500, -0.63927, -0.67355, -0.70783, -0.74210, -0.77638, -0.81065, -0.84493, -0.87920, -0.91348, -0.94776, -0.98204, -1.01632, -1.05060, -1.08490, -1.11921, -1.15355, -1.18795, -1.22247, -1.25718, -1.29228, -1.32809, -1.36523, -1.40485, -1.44910, -1.50200, -1.57103, -1.67018, -1.82554, -2.08583, -2.54196, -3.36363, -4.86760, -7.64506, -12.79954, -22.39073, -40.26311, -73.59243, -135.77234, -251.80224, -468.34381, -872.49171, -1626.80922, -3034.72274, -5662.58157, -10567.48383, -19722.51664, -36810.47225, -68705.32928, -128237.45634, -239354.89978, -446756.99308, -833875.61131, -1556437.41157, -2905108.18218, -5422419.31797, -10121012.57526, -18890996.68581, -35260283.66359, -65813766.20230, -122842230.35787, -229286584.79797, -427966327.64938]
p = [0.00000, 0.14763, 0.25509, 0.32237, 0.34947, 0.33639, 0.28313, 0.18970, 0.05608, -0.11771, -0.33168, -0.58583, -0.88016, -1.21467, -1.58936, -2.00422, -2.45926, -2.95449, -3.48988, -4.06546, -4.68122, -5.33716, -6.03327, -6.76956, -7.54603, -8.36268, -9.21951, -10.11652, -11.05370, -12.03106, -13.04861, -14.10633, -15.20423, -16.34231, -17.52058, -18.73903, -19.99768, -21.29654, -22.63564, -24.01503, -25.43482, -26.89523, -28.39662, -29.93976, -31.52604, -33.15817, -34.84129, -36.58517, -38.40842, -40.34648, -42.46670, -44.89721, -47.88149, -51.88226, -57.77842, -67.23906, -83.43280, -112.37339, -165.47123, -264.37047, -450.11699, -800.53067, -1463.11657, -2717.40056, -5092.97140, -9592.96570, -18117.09963, -34262.26473, -64837.38505, -122729.24559, -232323.13823, -439754.09773, -832290.20219, -1574976.95595, -2979902.80960, -5637104.85146, -10661931.03571, -20162391.29612, -38122013.36362, -72067375.59290, -136217294.76438, -257429357.12058, -486427109.93630, -918994513.77400, -1735981299.03751, -3278805268.99509, -6191930866.87182, -11691705103.15655, -22073552143.87149]
v = [0.00000, 0.58611, 1.17222, 1.75833, 2.34444, 2.93056, 3.51667, 4.10278, 4.68889, 5.27500, 5.86111, 6.44722, 7.03333, 7.61944, 8.20556, 8.79167, 9.37778, 9.96389, 10.55000, 11.13611, 11.72222, 12.30833, 12.89444, 13.48056, 14.06667, 14.65278, 15.23889, 15.82500, 16.41111, 16.99722, 17.58333, 18.16944, 18.75556, 19.34167, 19.92778, 20.51389, 21.10000, 21.68611, 22.27222, 22.85833, 23.44444, 24.03056, 24.61667, 25.20278, 25.78889, 26.37500, 26.96111, 27.54722, 28.13333, 28.71944, 29.30556, 29.89167, 30.47778, 31.06389, 31.65000, 32.23611, 32.82222, 33.40833, 33.99444, 34.58056, 35.16667, 35.75278, 36.33889, 36.92500, 37.51111, 38.09722, 38.68333, 39.26944, 39.85556, 40.44167, 41.02778, 41.61389, 42.20000, 42.78611, 43.37222, 43.95833, 44.54444, 45.13056, 45.71667, 46.30278, 46.88889, 47.47500, 48.06111, 48.64722, 49.23333, 49.81944, 50.40556, 50.99167, 51.57778]
